-81
-81
-81
-82
-82
-82
-82
-82
-77
-77
-77
-77
-75
-75
-75
-75
-75
-80
-80
-80
-80
-80
-80
-80
-80
-80
-71
-71
-71
-71
-71
-71
-71
-71
-83
-83
-83
-83
-83
-81
-81
-81
-81
-81
-81
-81
-81
-81
-81
-70
-70
-70
-70
-70
-74
-74
-74
-74
-74
-74
-74
-74
-74
-63
-63
-63
-61
-61
-61
-61
-48
-48
-48
-48
-48
-49
-49
-49
-49
-49
-49
-49
-49
-49
-49
-49
-62
-62
-62
-62
-62
-62
-63
-63
-63
-63
-63
-81
-81
-81
-81
-73
-73
-73
-73
-76
-76
-76
-76
-76
-76
-76
-76
-76
-76
-76
-76
-93
