0.07647871225
0.36327388506249997
0.7392942271874999
0.898624885875
0.854012303125
0.8476390653125001
0.9368642160624999
1.0515822808125002
1.179046809875
1.287391662625
1.2937648891250002
1.191793266625
1.0643287451249999
0.975103583375
0.9113713243125
0.8731319718125
0.9113713279999999
1.019716162375
1.1408074535625
1.14718068375
0.873131967875
0.783906802375
0.9049980937500001
1.0707019679375
1.0515822955625
0.9304910118124999
0.8667587566250001
0.9368642384374999
1.0643287488125002
1.14718068025
1.2109129429999999
1.274645209375
1.281018435875
1.204539719875
1.06432874875
0.904998105
0.7966532668125
0.8030264934375
0.9368642381875001
1.051582303
0.9049981014375001
0.860385522375
1.0005964935625
1.166300363875
1.1599271298125
1.07707518725
0.9623571225625
0.8476390653125
0.815772943375
0.8795051987499999
1.0005964825625
1.1408074535625
1.23640584925
1.2236593960000002
1.1280610003125
1.026089385375
0.949610676875
0.8922516444375
0.8795051984375001
0.892251655375
0.76478713
0.7520406729375
0.9496106801249999
1.1981664967499999
1.2300326226250002
1.140807449875
1.0707019606875001
1.0005964825
0.9049981050625
0.873131982875
0.9878500511875
1.1790468280625
1.3447507058750001
1.427602648625
1.3638703823750002
1.18542004025
1.00696970925
0.87950519875
0.8221461699999999
0.8030264861875
0.6691887303749999
0.6819351800000001
0.8858784139375
1.166300363875
1.26827198275
1.22365939625
1.134434227
1.0133429358125001
0.8858784253750001
0.815772943375
0.8540122919375001
0.9878500290624999
1.1280610003125
1.230032622875
1.2873916626250002
1.255525529375
1.1663003601250002
1.06432874875
0.911371331625
0.71380132425
0.490738406625
0.56721711525
0.82214615125
1.077075190875
1.1726735830000001
1.1981664895000002
1.2045397161250002
1.1535539068125
1.0388358423125001
0.9177445585625
0.8731319832500001
0.9241177851874999
1.0197161624375
1.128061000375
1.2491523028125
1.33200424925
1.287391662875
1.1471806768125
1.0260893743125
0.8795051799999999
0.5735903419374999
0.50985808675
0.675561961
0.949610673125
1.1408074535625
1.2491523025
1.268271982375
1.204539716125
1.1344342269375
1.0643287487499997
0.936864238125
0.8157729429999999
0.8285193851875
0.9687303491249999
1.1471806801875002
1.306511342375
1.3766168353750001
1.306511342375
1.1726735830625001
1.026089377875
0.7201745325000001
0.560843888625
0.554470665625
0.72654776275
0.9113713094999999
1.064328734
1.1854200362499998
1.2427790758750001
1.2172861693750001
1.153553903125
1.07707518725
0.955983895875
0.8285193851875
0.809399716375
0.9241177848750001
1.083448428625
1.2172861731250002
1.30013811575
1.2873916626250002
1.115314550875
0.7265477555
0.6309493670624999
0.6946816335
0.7966532596875
0.8412658497500001
0.9559839180625
1.1280610150625
1.2618987596875
1.31925779575
1.281018435875
1.1854200363125
1.0961948671875001
1.006969709125
0.89225165175
0.815772943
0.8858784248125
1.0770752018124998
1.2555255330625
1.351123929125
1.274645216875
0.8731319718125
0.6946816444374999
0.7584139071875
0.9241177850000001
0.9113713353749999
0.834892623125
0.8603855186875
0.9751035760625
1.1280610005625
1.2618987561250001
1.2873916625000001
1.1981664895625
1.0834484139375
0.98785002925
0.8986248784375
0.8540123030000001
0.9049981050624999
1.019716162375
1.1599271335
1.2236594035000001
0.9942232741875001
0.8795052059375001
0.9241177888125001
1.0133429506875
0.9751035908125001
0.8858784288749999
0.8412658497500001
0.9177445583124999
1.06432874875
1.1663003600625
1.2300326226249998
1.268271982375
1.2300326226250002
1.1280610003125
1.0005964825
0.847639065375
0.75204067675
0.8285193851875
1.019716162125
1.08982164775
0.8540122880625001
0.81577293575
0.98785004025
1.166300363875
1.1599271298125
1.07707518725
0.955983895875
0.8412658347499999
0.860385514625
1.00059648225
1.134434226875
1.2172861693750001
1.2491523025000002
1.2172861693750001
1.1471806801875
1.0579555221874999
0.9496106916875
0.8667587603125001
0.8603855336875
0.8540122995624999
0.6883084105
0.71380131325
0.9878500401249999
1.2810184432500002
1.30013811575
1.1663003564375
1.0515822808125
0.955983896125
0.866758741625
0.8667587415000001
0.9942232556874999
1.1535539068125
1.261898756
1.2937648892500002
1.2427790761250002
1.1663003564375
1.10256809375
0.994223255625
0.8540122916875
0.7456674573750001
0.5927100329999999
0.63094938175
0.8795051909999999
1.204539723625
1.3511239288750003
1.30013811575
1.1663003564375
1.0579555074375
0.981476802625
0.8922516518125
0.8412658497500001
0.9241177849375
1.1089413351875002
1.2810184395625
1.3574971555000002
1.306511342375
1.1981664895625002
1.108941320375
0.994223255625
0.796653255625
0.49711163693749993
0.50348486375
0.7329210006250001
1.0579555258125
1.26189875975
1.35749715575
1.363870382375
1.2555255331250001
1.089821655375
0.9559839182500001
0.8667587600624999
0.8348926268125001
0.9241177849375
1.096194881875
1.2236593996874998
1.2555255291250003
1.2045397198125
1.115314558125
1.0579555295624998
0.9623571411249999
0.6628155150624999
0.5353509971875
0.6373226160625001
0.8858784289999999
1.0707019754375
1.17267358675
1.2491523027499998
1.281018436
1.210912943
1.089821640625
0.98785002925
0.8922516518125
0.834892623125
0.8922516518125
1.032462615625
1.1726735867500002
1.2810184358749999
1.3065113425
1.2364058495
1.1089413240625001
0.8093997053125
0.6691887415000001
0.6500690689999999
0.7329210078125
0.8093997200625
0.9432374647499999
1.1089413351875002
1.2491523064374999
1.338377475625
1.3128845726875
1.1790468244374999
1.0388358496874999
0.9368642309999999
0.8603855186874999
0.8667587415000001
1.0005964823125
1.1790468133125
1.3065113423749999
1.3383774756250002
1.191793270375
0.7839067951249999
0.6819351763750001
0.7902800181875
0.9177445436874999
0.8922516520625
0.87313198325
0.9432374650625
1.045209069
1.1599271336875
1.274645209375
1.3065113460625
1.2109129575625
1.0643287561875
0.943237457625
0.8540122957499999
0.834892623125
0.9241177849375001
1.057955522125
1.1726735866875
1.1790468168750001
0.8986248743749999
0.758413895875
0.8348926008750001
1.0197161549375
1.032462615625
0.9049981050624999
0.8285193965000001
0.9113713316875
1.070701975375
1.19816649325
1.2873916625
1.3001381195625
1.1981665045
1.0770752095
0.994223270625
0.8858784288749999
0.8030264899999999
0.8731319719375
1.0579555221874999
1.1471806876875
0.917744554625
0.8093997091249999
0.9049980938125001
1.115314550625
1.2045397198124999
1.1471806948749999
0.9814768245625
0.847639076375
0.8731319719375
1.019716162375
1.18542004
1.3065113423749999
1.3383774756250002
1.2491523064375
1.089821655375
0.9559839182500001
0.8603855333749999
0.8030264934375
0.8540122916875
0.9241177700000001
0.7902800218125001
0.7902800292500001
1.01334294675
1.2300326301250002
1.2364058493124999
1.1663003600625
1.0643287487499997
0.904998105
0.7902800365
0.8285193851875
0.987850029
1.1535539068125
1.268271982625
1.312884569125
1.2427790798125
1.089821655375
0.9559839182500001
0.8603855333749999
0.8030264934375
0.7839068060625001
0.675561957
0.7138013131250001
0.936864226875
1.1854200435
1.2300326263125
1.1535539178749998
1.0898216626875001
1.038835857
0.9304910151874999
0.8221461696249999
0.8603855183125001
1.032462615375
1.2045397198125
1.312884569
1.3320042526875002
1.230032637625
1.0834484324375
0.98785002925
0.8922516333125
0.72654776275
0.48436518
0.548097435375
0.8221461513125
1.153553910625
1.312884569125
1.3001381157499998
1.2109129428124998
1.1280610003125
1.03883584225
0.8986248783749999
0.7902800365
0.8285193851875
0.9942232556249999
1.172673586625
1.2746452089999998
1.28739166225
1.2427790758750001
1.1535539068125
1.006969709125
0.7902800293750001
0.49073841056249995
0.5034848638125
0.732921000625
1.0260893926875
1.2172861733125
1.3065113425000001
1.2873916625000001
1.2045397161875
1.1153145470625
1.0197161624375
0.9241177851875
0.879505209875
0.9432374650625
1.0707019754375
1.1663003600625
1.2300326226249998
1.2618987594375
1.19816650425
1.0643287561875
0.898624874875
0.605456475375
0.5034848638125
0.6182029358125
0.8731319754999999
1.057955522125
1.179046813375
1.2810184358749999
1.3001381195625
1.204539731125
1.0898216626875
0.98785004375
0.860385522
0.7902800365
0.8603855186250001
1.019716162375
1.1790468133124998
1.2746452089999998
1.281018435625
1.2236593960000002
1.089821644125
0.7584138923125001
0.6182029285
0.6182029359375
0.732921004375
0.8667587453125
1.0324626156875
1.1981664935
1.319257796
1.3256310263125002
1.2109129578124997
1.096194889375
1.0133429505
0.8986248821249999
0.81577294325
0.8667587453125
1.019716162375
1.18542004
1.3001381157499998
1.31925779575
1.1790468171250001
0.7839067988125
0.6436958350625
0.6819352023749999
0.771160367875
0.7711603603125
0.8540122916874999
1.038835842
1.185420039875
1.26189875575
1.2618987594375
1.1790468243749999
1.0898216626875
1.0133429505
0.8922516554375
0.7902800365
0.8285193851875
0.987850029
1.1599271334375
1.281018435875
1.236405856875
0.8667587415
0.7074280829375
0.822146147625
1.01334292825
0.97510357575
0.8412658347499999
0.834892608125
0.9687303491249999
1.1408074535625001
1.27464520925
1.3065113425
1.230032622875
1.140807453625
1.0643287487499997
0.936864238125
0.8221461696249999
0.8667587449375
1.05158229525
1.2236593996875
1.242779083375
0.9559839143750001
0.834892615625
0.8986248671875001
1.0388358348125
1.0197161624375
0.9177445585
0.8348926269375
0.8348926268125001
0.9559839180625
1.1280610150625
1.2618987596875
1.312884569125
1.261898756
1.1790468096875002
1.115314547
0.9942232556874999
0.85401228825
0.854012288375
0.9751035760000001
1.0069697016875
0.7966532484375001
0.8030264825000001
1.0005964935
1.1790468171250001
1.17267358675
1.0707019753749998
0.924117784875
0.809399716375
0.8348926118125001
0.987850029
1.1599271334375
1.2873916625
1.325631022375
1.255525529375
1.17267358675
1.1089413351875
0.98147682475
0.8285194003125
0.7966532670625001
0.8540122993125
0.76478713
0.76478712625
1.000596493375
1.2810184432500002
1.306511342375
1.1981664895625002
1.108941320375
0.987850029
0.8348926081250001
0.8030264749999999
0.9304909893749999
1.0834484139375
1.19816648975
1.2618987561250001
1.2364058495
1.1663003564375
1.10256809375
0.994223255625
0.8540122916875
0.7456674573750001
0.599083259625
0.6500690616249999
0.89225164425
1.18542004375
1.300138115875
1.242779076125
1.1535539031875
1.0961948671875
0.9942232558749999
0.8476390654375001
0.796653263375
0.8986248784375
1.0643287488125002
1.2236593999375
1.325631022375
1.2937648891250002
1.1726735830625001
1.070701960625
0.968730349125
0.7902800289999999
0.49711163693749993
0.497111637125
0.7010548675
0.987850032875
1.1663003600625002
1.2682719824375002
1.319257795625
1.2618987598125
1.1025681088125
0.9304910118124999
0.8030264938125
0.7647871339375
0.8603855186874999
1.0324626156875
1.204539720125
1.3447507025
1.38299006225
1.3065113424375001
1.191793266625
1.0069697127500001
0.630949381875
0.5034848638125
0.5927100293124999
0.841265842375
1.0515822955
1.1726735866874998
1.217286169375
1.2109129427499998
1.15992712975
1.0770751873125
0.98785002925
0.8922516518125
0.834892623125
0.8986248784375
1.0515822955
1.1790468133124998
1.242779075875
1.2491523025000002
1.1981664895
1.077075190875
0.7775335685
0.6755619534374999
0.70742808675
0.7902800330624999
0.809399716625
0.8922516518125
1.057955522125
1.2109129465000001
1.3065113423749999
1.3256310223749999
1.268271982625
1.1599271334999999
1.01334293575
0.8731319719375
0.834892623125
0.9241177849375001
1.0643287488125002
1.1981664934375
1.29376488925
1.2300326301250002
0.860385514625
0.7329209893749999
0.8030264714375
0.911371317
0.8603855186874999
0.809399716625
0.8858784251874999
1.032462615625
1.1663003600625002
1.26189875575
1.3001381155000002
1.26189875575
1.1726735866875
1.0579555221249999
0.91774455825
0.809399716375
0.8348926118125001
0.9942232556249999
1.172673586625
1.1981664967499999
0.904998101
0.783906802375
0.8667587339999999
1.0260893815625
1.0324626156875
0.9496106916875001
0.8922516668125001
0.9049981200624999
0.9878500514374999
1.1216877884375
1.2491523061875
1.3001381155000002
1.255525529125
1.153553903125
1.0452090541249999
0.9368642160624999
0.85401228825
0.879505194875
1.01334293575
1.0707019679375
0.847639061375
0.8157729355625001
1.04520907975
1.2555255404375
1.166300371375
1.01334294325
0.9559839109375
0.9241177851875
0.9241177815
1.0005964825625
1.1153145470625
1.21091294275
1.2491523025000002
1.2172861693750001
1.1471806801875
1.0515822954999998
0.91774455825
0.809399716375
0.8285193851875
0.8858784102499999
0.7520406620000001
0.7456674426875
0.99422326675
1.2810184432500002
1.30013811575
1.1726735830625001
1.0770751873125
0.994223255875
0.8795051985625
0.81577294325
0.8858784251874999
1.0388358423125001
1.1917932668125
1.29376488925
1.2937648891250002
1.1981664895625
1.0834484139375
0.98785002925
0.8986248784375
0.7902800440000001
0.599083259625
0.65644228825
0.911371324125
1.2109129503125
1.3447507025
1.319257796
1.2172861696875001
1.1153145470624999
1.0005964823125
0.8667587451250001
0.8030264898749999
0.87313197175
1.0324626154375
1.1790468133125
1.27464520925
1.312884569125
1.24915230275
1.1280609966875002
1.0388358275
0.8922516332500001
0.5544706620000001
0.47161872675
0.65644228075
0.9623571261249999
1.1599271333749999
1.255525529125
1.268271982375
1.1981664895000002
1.1089413204375
1.026089389
0.9177445583125
0.834892623125
0.8667587453125
0.9814768026249999
1.0898216405625
1.1790468096250002
1.2427790758750001
1.2172861693750001
1.1089413204375
0.949610673125
0.6436958351250001
0.5226045436875
0.5990832559375
0.841265842375
1.0515822955
1.18542004
1.268271982625
1.2937648892500002
1.2427790761250002
1.153553906875
1.0579555221874999
0.943237465
0.8412658535625
0.8348926268125001
0.9559839180625
1.1280610150625
1.2491523064375
1.2682719827500002
1.204539716375
1.0707019643125
0.771160341875
0.675561953375
0.7138013131250001
0.7902800289999999
0.84126583475
0.9623571224999999
1.1216877736875
1.261898756
1.325631022375
1.2682719826250002
1.1599271335
1.0579555221874999
0.943237465
0.8412658535625
0.8348926268125001
0.9496106914375
1.096194881875
1.1981664931875
1.26189875575
1.204539723375
0.8540122880000001
0.7074280828749999
0.7584138850000001
0.8603855037499999
0.8285193814999999
0.84126583475
0.987850029
1.147180680125
1.2491523025625
1.306511342375
1.2937648892500002
1.204539716375
1.102568093875
1.006969709125
0.9049981050625
0.860385529625
0.9304910115624999
1.057955522125
1.1663003600625
1.153553910374999
0.873131967875
0.7902800289999999
0.9177445470000001
1.0579555146875
0.994223255875
0.8667587453125
0.834892623125
0.9241177849375001
1.0643287488125002
1.1917932668125
1.26827198275
1.261898756
1.2045397161875
1.1408074535625001
1.0579555221874999
0.9496106916875
0.879505209875
0.9241177851875001
1.0643287488125
1.1216877809375
0.8858784211249999
0.822146162125
0.9687303636875001
1.128061018625
1.10256811225
1.026089389
0.9177445398125
0.796653248375
0.809399701625
0.9559838958750001
1.1089413203749998
1.21091294275
1.2427790758750001
1.191793262875
1.115314543375
1.05158228075
0.9559838959374999
0.860385514875
0.866758741625
0.8858784104999999
0.7138013022499999
0.7138013095625
0.9623571336249999
1.2427790835
1.2682719863125
1.1344342380624999
1.0133429431875
0.930491004375
0.8603855186874999
0.860385514875
0.9687303491875
1.1089413203749998
1.2172861693750001
1.274645209
1.2491523025000002
1.15992712975
1.0770751873125
0.994223255875
0.8795051985625
0.7456674576250001
0.55447067325
0.599083248625
0.8412658312500001
1.140807457375
1.300138115875
1.3128845726875
1.204539734625
1.03246263775
0.87950521325
0.7902800438750001
0.8030264934375
0.91774455825
1.0643287488125002
1.1981664934375
1.29376488925
1.3001381157500003
1.2236593960625
1.1153145470624999
0.9942232559374999
0.834892616
0.5672171304375
0.5480974504375
0.7265477740625
1.000596486125
1.1790468133124998
1.255525529125
1.2555255328125
1.1790468243749999
1.0643287561875001
0.968730364125
0.8922516555
0.860385529625
0.9368642381875
1.0898216553125
1.2364058531875
1.312884569125
1.27464520925
1.1663003564375
1.0770751873125
0.949610673125
0.630949381875
0.5034848638125
0.5863368026875
0.815772935875
1.019716162375
1.1790468133124998
1.268271982375
1.26189875575
1.1981664931875
1.115314558125
1.013342943125
0.8922516444374999
0.8157729321874999
0.87313196825
1.026089389
1.1663003600625002
1.255525529125
1.268271982375
1.1981664895000002
1.051582284375
0.7265477591875
0.5990832486875
0.62457616275
0.7584139109999999
0.8731319718125
1.0005964823125002
1.1216877736875002
1.230032622875
1.3001381158750003
1.2491523064375
1.1153145581875
1.0133429431875
0.955983910875
0.8986248784374999
0.8858784213750001
0.9687303491875
1.0898216405625
1.19816648975
1.2618987561250001
1.166300363875
0.79028002175
0.681935176375
0.7902800181875
0.9496106767500001
0.9177445583125
0.834892623125
0.85401229575
0.9559839109375
1.1089413428125
1.2618987709375
1.3383774794374999
1.325631026125
1.2236594109999999
1.0643287561875
0.9241177775624999
0.841265842375
0.8476390764999999
0.9623571449375001
1.14718069525
1.2300326341875
0.968730367875
0.8285193890625
0.9241177736874999
1.1153145506250002
1.1216877736250002
0.9814768024375
0.8412658386875
0.83489262325
0.95598391825
1.0898216553750002
1.1981664934375
1.261898756125
1.2300326265625001
1.1408074646875
1.0770752094375
1.0197161771875
0.9304910155
0.8922516631250001
0.9751035981874999
1.0197161696875001
0.803026475
0.745667442625
0.9432374535
1.1981664967499999
1.2236593960000002
1.1025680938125
0.9814768026875
0.9113713319375001
0.904998116375
0.9559839183125
1.0452090689375
1.1471806802500002
1.2427790761250002
1.29376488925
1.2618987596875
1.1726735978125
1.0770752094375
0.9878500440625
0.8986248823749999
0.78390681775
0.5799635799999999
0.5990832486875
0.8030264714375001
1.04520905775
1.1790468096875002
1.255525529375
1.2682719827500002
1.19816648975
1.102568093875
1.0133429358125001
0.9304910118125
0.89862488975
0.9559839183125
1.0643287488125
1.1599271334375
1.2236593960625002
1.268271982625
1.2618987561250001
1.1663003603125
0.9751035796874999
0.630949381875
0.5034848638125
0.5863368026875
0.803026482625
0.9559838961249999
1.0452090541874999
1.1153145433750002
1.1726735830625001
1.217286169625
1.210912943125
1.1344342235
1.0707019570625
1.0452090541875
0.99422325225
0.94961067325
0.96873034575
1.0133429210625
1.051582277125
1.0834484102500002
1.0197161512500001